x<-c(1,3,6); y<-c(7,9,11)
z<-x+y
z

x<-1:9;y<-10:19
z<-x+y
z

y<-matrix(rep(10,4),2,2)
y

